45 65 64
269 289 288
177 158 178
104 84 85
15 35 34
7 26 6
111 112 131
234 233 214
144 145 164
86 66 67
46 26 27
183 163 164
285 284 265
132 112 113
228 248 247
151 132 152
190 170 171
277 296 276
211 231 230
296 295 276
168 167 148
55 75 74
276 256 257
36 56 55
16 17 36
236 237 256
95 115 114
61 41 42
85 65 66
84 83 64
65 45 46
2 21 1
21 40 20
25 44 24
48 28 29
66 65 46
52 51 32
47 27 28
33 13 14
205 185 186
87 86 67
89 88 69
66 46 47
68 69 88
29 9 10
80 81 100
123 104 124
103 122 102
126 145 125
224 204 205
126 106 107
106 105 86
82 62 63
143 123 124
183 164 184
141 121 122
247 227 228
180 161 181
241 221 222
182 201 181
143 144 163
187 167 168
202 201 182
146 145 126
282 262 263
244 224 225
267 287 286
208 207 188
249 250 269
206 205 186
146 165 145
265 264 245
224 223 204
149 168 148
128 127 108
188 168 169
188 187 168
228 209 229
130 149 129
214 233 213
169 168 149
173 192 172
113 112 93
209 210 229
270 289 269
272 291 271
230 229 210
252 271 251
275 274 255
212 211 192
294 274 275
253 272 252
236 256 255
276 295 275
176 196 195
174 193 173
118 119 138
179 199 198
197 196 177
136 137 156
178 179 198
138 139 158
157 137 138
129 109 110
50 70 69
131 150 130
170 190 189
150 131 151
110 109 90
75 56 76
70 51 71
30 10 11
52 72 71
34 33 14
32 13 33
73 92 72
91 111 110
34 14 15
93 73 74
53 33 34
37 36 17
75 76 95
116 97 117
153 134 154
43 23 24
0 1 20
43 44 63
20 1 21
22 42 41
41 40 21
22 41 21
62 81 61
80 61 81
60 41 61
62 42 43
62 61 42
22 23 42
3 4 23
62 43 63
42 23 43
3 23 22
2 22 21
2 3 22
24 44 43
4 24 23
45 26 46
5 24 4
6 26 25
5 25 24
5 6 25
8 28 27
7 27 26
7 8 27
8 9 28
30 29 10
28 9 29
68 48 49
47 28 48
107 87 88
67 47 48
68 49 69
48 29 49
44 64 63
44 45 64
25 45 44
25 26 45
68 67 48
46 27 47
88 87 68
66 47 67
105 85 86
84 65 85
106 86 87
85 66 86
127 126 107
125 105 106
68 87 67
107 106 87
147 127 128
107 88 108
109 89 90
108 88 89
148 128 129
108 89 109
108 127 107
147 166 146
109 128 108
148 147 128
150 149 130
128 109 129
145 144 125
83 82 63
161 141 142
104 105 124
124 105 125
104 85 105
147 146 127
125 106 126
120 121 140
101 81 82
144 143 124
103 102 83
182 162 163
142 123 143
102 82 83
81 62 82
64 83 63
104 123 103
84 103 83
123 122 103
65 84 64
104 103 84
40 41 60
60 61 80
121 101 102
101 82 102
100 101 120
122 121 102
100 81 101
142 141 122
120 101 121
160 141 161
140 121 141
141 160 140
161 180 160
180 181 200
162 142 143
203 202 183
181 161 162
123 142 122
143 163 162
181 162 182
161 142 162
183 202 182
221 220 201
204 203 184
182 163 183
184 203 183
223 222 203
204 223 203
222 221 202
185 204 184
205 225 224
222 202 203
200 201 220
200 181 201
202 221 201
243 242 223
243 262 242
220 221 240
221 241 240
241 242 261
242 222 223
240 241 260
261 262 281
260 261 280
260 241 261
280 261 281
281 262 282
243 263 262
243 224 244
263 283 282
263 264 283
261 242 262
241 222 242
226 245 225
243 223 224
245 244 225
263 243 244
283 264 284
263 244 264
265 245 246
264 244 245
245 226 246
225 205 206
226 227 246
248 268 267
266 265 246
284 264 265
266 285 265
247 266 246
286 285 266
267 286 266
267 268 287
249 229 230
268 288 287
268 269 288
248 249 268
250 251 270
246 227 247
226 207 227
247 267 266
247 248 267
207 208 227
229 248 228
268 249 269
248 229 249
228 208 209
167 186 166
189 208 188
228 227 208
170 189 169
209 208 189
204 185 205
184 164 165
226 206 207
185 165 166
187 206 186
226 225 206
207 187 188
207 206 187
125 144 124
164 163 144
184 165 185
164 145 165
167 166 147
186 185 166
127 146 126
166 165 146
148 167 147
187 186 167
129 149 148
150 151 170
150 169 149
189 188 169
150 170 169
171 172 191
191 190 171
209 189 190
191 172 192
151 131 132
152 132 133
174 194 193
134 115 135
155 174 154
154 174 173
212 213 232
175 194 174
217 198 218
173 193 192
194 214 213
193 213 212
193 194 213
175 195 194
255 274 254
250 230 231
209 190 210
193 212 192
210 190 191
191 211 210
191 192 211
233 232 213
231 211 212
211 230 210
250 249 230
231 251 250
253 233 234
251 271 270
252 232 233
250 270 269
271 291 290
270 290 289
270 271 290
254 273 253
292 291 272
273 292 272
293 273 274
293 292 273
235 254 234
274 273 254
293 274 294
231 232 251
231 212 232
271 252 272
251 232 252
272 253 273
252 233 253
215 234 214
254 253 234
194 195 214
236 255 235
215 216 235
237 257 256
216 217 236
235 255 254
256 276 275
256 275 255
295 294 275
297 296 277
257 258 277
277 278 297
277 258 278
279 299 298
276 257 277
237 238 257
278 258 259
196 216 215
298 278 279
298 297 278
278 259 279
239 238 219
237 218 238
198 199 218
218 199 219
258 239 259
238 218 219
234 215 235
195 175 176
235 216 236
176 175 156
237 217 218
237 236 217
258 238 239
258 257 238
175 155 156
175 174 155
215 195 196
215 214 195
157 176 156
197 198 217
177 196 176
197 216 196
157 177 176
157 158 177
216 197 217
177 178 197
197 178 198
158 159 178
156 137 157
97 77 78
157 138 158
117 137 136
178 159 179
158 139 159
77 58 78
77 57 58
137 118 138
98 99 118
138 119 139
118 99 119
74 75 94
96 116 115
155 135 136
117 98 118
96 97 116
96 77 97
96 115 95
135 155 154
116 135 115
116 136 135
155 136 156
116 117 136
98 117 97
118 137 117
114 134 133
153 173 172
134 153 133
154 173 153
154 134 135
133 113 114
130 111 131
50 69 49
171 151 152
171 170 151
153 152 133
131 112 132
172 152 153
172 171 152
110 90 91
89 69 70
130 110 111
130 129 110
92 91 72
92 111 91
73 93 92
112 111 92
113 93 94
112 92 93
114 113 94
133 132 113
95 114 94
115 134 114
73 72 53
70 90 89
54 73 53
54 74 73
93 74 94
55 35 36
29 30 49
71 72 91
51 70 50
71 90 70
30 31 50
52 33 53
90 71 91
51 52 71
31 30 11
50 49 30
50 31 51
12 13 32
31 32 51
31 11 12
31 12 32
33 52 32
53 72 52
54 34 35
54 53 34
35 15 16
35 16 36
37 56 36
76 96 95
56 37 57
78 79 98
54 55 74
54 35 55
94 75 95
55 56 75
57 76 56
77 96 76
76 57 77
37 38 57
17 18 37
97 78 98
58 59 78
38 37 18
98 79 99
78 59 79
38 18 19
58 38 39
58 57 38
58 39 59
38 19 39
