1.00000000 1.00000000
44.00000000 1.00000000
87.00000000 1.00000000
130.00000000 1.00000000
173.00000000 1.00000000
216.00000000 1.00000000
259.00000000 1.00000000
302.00000000 1.00000000
345.00000000 1.00000000
388.00000000 1.00000000
431.00000000 1.00000000
474.00000000 1.00000000
517.00000000 1.00000000
560.00000000 1.00000000
603.00000000 1.00000000
646.00000000 1.00000000
689.00000000 1.00000000
732.00000000 1.00000000
775.00000000 1.00000000
817.00000000 1.00000000
1.00000000 44.00000000
44.00000000 44.00000000
87.00000000 44.00000000
130.00000000 44.00000000
173.00000000 44.00000000
216.00000000 44.00000000
259.00000000 44.00000000
302.00000000 44.00000000
345.00000000 44.00000000
388.00000000 44.00000000
431.00000000 44.00000000
474.00000000 44.00000000
517.00000000 44.00000000
560.00000000 44.00000000
603.00000000 44.00000000
646.00000000 44.00000000
689.00000000 44.00000000
732.00000000 44.00000000
775.00000000 44.00000000
817.00000000 44.00000000
1.00000000 87.00000000
44.00000000 87.00000000
87.00000000 87.00000000
130.00000000 87.00000000
173.00000000 87.00000000
216.00000000 87.00000000
259.00000000 87.00000000
302.00000000 87.00000000
345.00000000 87.00000000
388.00000000 87.00000000
431.00000000 87.00000000
474.00000000 87.00000000
517.00000000 87.00000000
560.00000000 87.00000000
603.00000000 87.00000000
646.00000000 87.00000000
689.00000000 87.00000000
732.00000000 87.00000000
775.00000000 87.00000000
817.00000000 87.00000000
1.00000000 130.00000000
44.00000000 130.00000000
87.00000000 130.00000000
130.00000000 130.00000000
173.00000000 130.00000000
216.00000000 130.00000000
259.00000000 130.00000000
302.00000000 130.00000000
345.00000000 130.00000000
388.00000000 130.00000000
431.00000000 130.00000000
474.00000000 130.00000000
517.00000000 130.00000000
560.00000000 130.00000000
603.00000000 130.00000000
646.00000000 130.00000000
689.00000000 130.00000000
732.00000000 130.00000000
775.00000000 130.00000000
817.00000000 130.00000000
1.00000000 172.00000000
44.00000000 172.00000000
87.00000000 172.00000000
130.00000000 172.00000000
173.00000000 172.00000000
216.00000000 172.00000000
259.00000000 172.00000000
302.00000000 172.00000000
345.00000000 172.00000000
388.00000000 172.00000000
431.00000000 172.00000000
474.00000000 172.00000000
517.00000000 172.00000000
560.00000000 172.00000000
603.00000000 172.00000000
646.00000000 172.00000000
689.00000000 172.00000000
732.00000000 172.00000000
775.00000000 172.00000000
817.00000000 172.00000000
1.00000000 215.00000000
44.00000000 215.00000000
87.00000000 215.00000000
130.00000000 215.00000000
173.00000000 215.00000000
216.00000000 215.00000000
259.00000000 215.00000000
302.00000000 215.00000000
345.00000000 215.00000000
388.00000000 215.00000000
431.00000000 215.00000000
474.00000000 215.00000000
517.00000000 215.00000000
560.00000000 215.00000000
603.00000000 215.00000000
646.00000000 215.00000000
689.00000000 215.00000000
732.00000000 215.00000000
775.00000000 215.00000000
817.00000000 215.00000000
1.00000000 258.00000000
44.00000000 258.00000000
87.00000000 258.00000000
130.00000000 258.00000000
173.00000000 258.00000000
216.00000000 258.00000000
259.00000000 258.00000000
302.00000000 258.00000000
345.00000000 258.00000000
388.00000000 258.00000000
431.00000000 258.00000000
474.00000000 258.00000000
517.00000000 258.00000000
560.00000000 258.00000000
603.00000000 258.00000000
646.00000000 258.00000000
689.00000000 258.00000000
732.00000000 258.00000000
775.00000000 258.00000000
817.00000000 258.00000000
1.00000000 301.00000000
44.00000000 301.00000000
87.00000000 301.00000000
130.00000000 301.00000000
173.00000000 301.00000000
216.00000000 301.00000000
259.00000000 301.00000000
302.00000000 301.00000000
345.00000000 301.00000000
388.00000000 301.00000000
431.00000000 301.00000000
474.00000000 301.00000000
517.00000000 301.00000000
560.00000000 301.00000000
603.00000000 301.00000000
646.00000000 301.00000000
689.00000000 301.00000000
732.00000000 301.00000000
775.00000000 301.00000000
817.00000000 301.00000000
1.00000000 344.00000000
44.00000000 344.00000000
87.00000000 344.00000000
130.00000000 344.00000000
173.00000000 344.00000000
216.00000000 344.00000000
259.00000000 344.00000000
302.00000000 344.00000000
345.00000000 344.00000000
388.00000000 344.00000000
431.00000000 344.00000000
474.00000000 344.00000000
517.00000000 344.00000000
560.00000000 344.00000000
603.00000000 344.00000000
646.00000000 344.00000000
689.00000000 344.00000000
732.00000000 344.00000000
775.00000000 344.00000000
817.00000000 344.00000000
1.00000000 387.00000000
44.00000000 387.00000000
87.00000000 387.00000000
130.00000000 387.00000000
173.00000000 387.00000000
216.00000000 387.00000000
259.00000000 387.00000000
302.00000000 387.00000000
345.00000000 387.00000000
388.00000000 387.00000000
431.00000000 387.00000000
474.00000000 387.00000000
517.00000000 387.00000000
560.00000000 387.00000000
603.00000000 387.00000000
646.00000000 387.00000000
689.00000000 387.00000000
732.00000000 387.00000000
775.00000000 387.00000000
817.00000000 387.00000000
1.00000000 430.00000000
44.00000000 430.00000000
87.00000000 430.00000000
130.00000000 430.00000000
173.00000000 430.00000000
216.00000000 430.00000000
259.00000000 430.00000000
302.00000000 430.00000000
345.00000000 430.00000000
388.00000000 430.00000000
431.00000000 430.00000000
474.00000000 430.00000000
517.00000000 430.00000000
560.00000000 430.00000000
603.00000000 430.00000000
646.00000000 430.00000000
689.00000000 430.00000000
732.00000000 430.00000000
775.00000000 430.00000000
817.00000000 430.00000000
1.00000000 472.00000000
44.00000000 472.00000000
87.00000000 472.00000000
130.00000000 472.00000000
173.00000000 472.00000000
216.00000000 472.00000000
259.00000000 472.00000000
302.00000000 472.00000000
345.00000000 472.00000000
388.00000000 472.00000000
431.00000000 472.00000000
474.00000000 472.00000000
517.00000000 472.00000000
560.00000000 472.00000000
603.00000000 472.00000000
646.00000000 472.00000000
689.00000000 472.00000000
732.00000000 472.00000000
775.00000000 472.00000000
817.00000000 472.00000000
1.00000000 515.00000000
44.00000000 515.00000000
87.00000000 515.00000000
130.00000000 515.00000000
173.00000000 515.00000000
216.00000000 515.00000000
259.00000000 515.00000000
302.00000000 515.00000000
345.00000000 515.00000000
388.00000000 515.00000000
431.00000000 515.00000000
474.00000000 515.00000000
517.00000000 515.00000000
560.00000000 515.00000000
603.00000000 515.00000000
646.00000000 515.00000000
689.00000000 515.00000000
732.00000000 515.00000000
775.00000000 515.00000000
817.00000000 515.00000000
1.00000000 558.00000000
44.00000000 558.00000000
87.00000000 558.00000000
130.00000000 558.00000000
173.00000000 558.00000000
216.00000000 558.00000000
259.00000000 558.00000000
302.00000000 558.00000000
345.00000000 558.00000000
388.00000000 558.00000000
431.00000000 558.00000000
474.00000000 558.00000000
517.00000000 558.00000000
560.00000000 558.00000000
603.00000000 558.00000000
646.00000000 558.00000000
689.00000000 558.00000000
732.00000000 558.00000000
775.00000000 558.00000000
817.00000000 558.00000000
1.00000000 600.00000000
44.00000000 600.00000000
87.00000000 600.00000000
130.00000000 600.00000000
173.00000000 600.00000000
216.00000000 600.00000000
259.00000000 600.00000000
302.00000000 600.00000000
345.00000000 600.00000000
388.00000000 600.00000000
431.00000000 600.00000000
474.00000000 600.00000000
517.00000000 600.00000000
560.00000000 600.00000000
603.00000000 600.00000000
646.00000000 600.00000000
689.00000000 600.00000000
732.00000000 600.00000000
775.00000000 600.00000000
817.00000000 600.00000000
